1005714 1005714
1007080 1007080
1010219 1010219
1014411 1014411
1016253 1016253
1018987 1018987
1022530 1022530
1026832 1026832
1029380 1029380
1031286 1031286
1041858 1041858
1049157 1049157
1051123 1051123
1054606 1054606
1056064 1056064
1061758 1061758
1063652 1063652
1063968 1063968
1065978 1065978
1087839 1087839
1092992 1092992
1096550 1096550
1099692 1099692
1108102 1108102
1108933 1108933
1117197 1117197
1123035 1123035
1125346 1125346
1133038 1133038
1134952 1134952
1139658 1139658
1144488 1144488
1147428 1147428
1147558 1147558
1149583 1149583
1157216 1157216
1169480 1169480
1172193 1172193
1175522 1175522
1186782 1186782
1188066 1188066
1189584 1189584
1194779 1194779
1197950 1197950
1229201 1229201
1230194 1230194
1230244 1230244
1251952 1251952
1259132 1259132
1259334 1259334
1262007 1262007
1269868 1269868
1271800 1271800
1277351 1277351
1291327 1291327
1304724 1304724
1307110 1307110
1328545 1328545
1329988 1329988
1330722 1330722
1333129 1333129
1333379 1333379
1339691 1339691
1358396 1358396
1358752 1358752
1365112 1365112
1386859 1386859
1387971 1387971
1393010 1393010
1406409 1406409
1415033 1415033
1416122 1416122
1424971 1424971
1435198 1435198
1440166 1440166
1443661 1443661
1445472 1445472
1446555 1446555
1446608 1446608
1448773 1448773
1451340 1451340
1455178 1455178
1475063 1475063
1477946 1477946
1484736 1484736
1490490 1490490
1498349 1498349
1505063 1505063
1505514 1505514
1510647 1510647
1521121 1521121
1522903 1522903
1528764 1528764
1530439 1530439
1533423 1533423
1536882 1536882
1540040 1540040
1543458 1543458
1544676 1544676
1561311 1561311
1570553 1570553
1576639 1576639
1582051 1582051
1588247 1588247
1590147 1590147
1595538 1595538
1602407 1602407
1603315 1603315
1606310 1606310
1612461 1612461
1622164 1622164
1624732 1624732
1628350 1628350
1630503 1630503
1635350 1635350
1639356 1639356
1649825 1649825
1660645 1660645
1664230 1664230
1672127 1672127
1672256 1672256
1672437 1672437
1675600 1675600
1689483 1689483
1689569 1689569
1691650 1691650
1692634 1692634
1694869 1694869
1698800 1698800
1699218 1699218
1707267 1707267
1721138 1721138
1737983 1737983
1739509 1739509
1746576 1746576
1750131 1750131
1759032 1759032
1763036 1763036
1765765 1765765
1770784 1770784
1773475 1773475
1791524 1791524
1792133 1792133
1802675 1802675
1805719 1805719
1809456 1809456
1811967 1811967
1813183 1813183
1814115 1814115
1834721 1834721
1835808 1835808
1840877 1840877
1841456 1841456
1843428 1843428
1857190 1857190
1865252 1865252
1873893 1873893
1878202 1878202
1882862 1882862
1887343 1887343
1889028 1889028
1891337 1891337
1897660 1897660
1914122 1914122
1918938 1918938
1920050 1920050
1925763 1925763
1926276 1926276
1938224 1938224
1944401 1944401
1944764 1944764
1947953 1947953
1949385 1949385
1950429 1950429
1951875 1951875
1960701 1960701
1963289 1963289
1967312 1967312
1976451 1976451
1981419 1981419
1985527 1985527
1993426 1993426
1993556 1993556
2002873 2002873
2004934 2004934
2012896 2012896
2018581 2018581
2019964 2019964
2020796 2020796
2025669 2025669
2027542 2027542
2034280 2034280
2041238 2041238
2042841 2042841
2043874 2043874
2044292 2044292
2052029 2052029
2058569 2058569
2063090 2063090
2064757 2064757
2067912 2067912
2069916 2069916
2070548 2070548
2113101 2113101
2116577 2116577
2117221 2117221
2123607 2123607
2126590 2126590
2128101 2128101
2137196 2137196
2144139 2144139
2146382 2146382
2152449 2152449
2155628 2155628
2157629 2157629
2175311 2175311
2178325 2178325
2185088 2185088
2190485 2190485
2190610 2190610
2191484 2191484
2192136 2192136
2193905 2193905
2194650 2194650
2196975 2196975
2201355 2201355
2205920 2205920
2214398 2214398
2222098 2222098
2223450 2223450
2236765 2236765
2241720 2241720
2242331 2242331
2244067 2244067
2250372 2250372
2254164 2254164
2255801 2255801
2256075 2256075
2261096 2261096
2268494 2268494
2270787 2270787
2270832 2270832
2271045 2271045
2276859 2276859
2278016 2278016
2282073 2282073
2283209 2283209
2301750 2301750
2304234 2304234
2305937 2305937
2306810 2306810
2318789 2318789
2323462 2323462
2327836 2327836
2329735 2329735
2334770 2334770
2338086 2338086
2339742 2339742
2347257 2347257
2354473 2354473
2361850 2361850
2364207 2364207
2366224 2366224
2374096 2374096
2381293 2381293
2382866 2382866
2383137 2383137
2384193 2384193
2385741 2385741
2396730 2396730
2397869 2397869
2400876 2400876
2404014 2404014
2411153 2411153
2426025 2426025
2442545 2442545
2468556 2468556
2471671 2471671
2474482 2474482
2477587 2477587
2499945 2499945
2500098 2500098
2503535 2503535
2504198 2504198
2527105 2527105
2529412 2529412
2531464 2531464
2534705 2534705
2545290 2545290
2555121 2555121
2555927 2555927
2558269 2558269
2561616 2561616
2569864 2569864
2574604 2574604
2595633 2595633
2596698 2596698
2598294 2598294
2602100 2602100
2602946 2602946
2605877 2605877
2608481 2608481
2608574 2608574
2610083 2610083
2611087 2611087
2615051 2615051
2617058 2617058
2617947 2617947
2619783 2619783
2623509 2623509
2626996 2626996
2627174 2627174
2630417 2630417
2633604 2633604
2636923 2636923
2649022 2649022
2650940 2650940
2652183 2652183
2654049 2654049
2655924 2655924
2656257 2656257
2656762 2656762
2663570 2663570
2676867 2676867
2682638 2682638
2684465 2684465
2687532 2687532
2691387 2691387
2691877 2691877
2716705 2716705
2719141 2719141
2720483 2720483
2724598 2724598
2737249 2737249
2740173 2740173
2752770 2752770
2754898 2754898
2763108 2763108
2770651 2770651
2779174 2779174
2783004 2783004
2794235 2794235
2794582 2794582
2797723 2797723
2800491 2800491
2804468 2804468
2806964 2806964
2810630 2810630
2811202 2811202
2815929 2815929
2824334 2824334
2826567 2826567
2827213 2827213
2831133 2831133
2845379 2845379
2851805 2851805
2861092 2861092
2873672 2873672
2877930 2877930
2879287 2879287
2902534 2902534
2907149 2907149
2913530 2913530
2913549 2913549
2915307 2915307
2916119 2916119
2924982 2924982
2930919 2930919
2935530 2935530
2940186 2940186
2943459 2943459
2945434 2945434
2947611 2947611
2954545 2954545
2956694 2956694
2957385 2957385
2973792 2973792
2982093 2982093
2991798 2991798
3005319 3005319
3007278 3007278
3012812 3012812
3016794 3016794
3022502 3022502
3022570 3022570
3029190 3029190
3039715 3039715
3043703 3043703
3052851 3052851
3053860 3053860
3057308 3057308
3065720 3065720
3068220 3068220
3088537 3088537
3091768 3091768
3093561 3093561
3095529 3095529
3103715 3103715
3141066 3141066
3141156 3141156
3156564 3156564
3163727 3163727
3166200 3166200
3179177 3179177
3184618 3184618
3185454 3185454
3193255 3193255
3197559 3197559
3199880 3199880
3204289 3204289
3211509 3211509
3216164 3216164
3222428 3222428
3224900 3224900
3231405 3231405
3236428 3236428
3247501 3247501
3248479 3248479
3259389 3259389
3262595 3262595
3264091 3264091
3264515 3264515
3265738 3265738
3271440 3271440
3282993 3282993
3284436 3284436
3289473 3289473
3289874 3289874
3297565 3297565
3312550 3312550
3321482 3321482
3325454 3325454
3331099 3331099
3333457 3333457
3336296 3336296
3351049 3351049
3371579 3371579
3372608 3372608
3376251 3376251
3378095 3378095
3382794 3382794
3385733 3385733
3390488 3390488
3393267 3393267
3397306 3397306
3408361 3408361
3417904 3417904
3419274 3419274
3423328 3423328
3428433 3428433
3434836 3434836
3435717 3435717
3444152 3444152
3447995 3447995
3457087 3457087
3463035 3463035
3470978 3470978
3473705 3473705
3476010 3476010
3480743 3480743
3483510 3483510
3485549 3485549
3489084 3489084
3503958 3503958
3504299 3504299
3509903 3509903
3515226 3515226
3517857 3517857
3523992 3523992
3531856 3531856
3533131 3533131
3537622 3537622
3542482 3542482
3543113 3543113
3543612 3543612
3547100 3547100
3559581 3559581
3567326 3567326
3568634 3568634
3577121 3577121
3577881 3577881
3579551 3579551
3580557 3580557
3580880 3580880
3587811 3587811
3589408 3589408
3591320 3591320
3595862 3595862
3608708 3608708
3611595 3611595
3618413 3618413
3633358 3633358
3636099 3636099
3639796 3639796
3639812 3639812
3644991 3644991
3679731 3679731
3680501 3680501
3703327 3703327
3704616 3704616
3708376 3708376
3710609 3710609
3722488 3722488
3723172 3723172
3725687 3725687
3726754 3726754
3728046 3728046
3732628 3732628
3732634 3732634
3733739 3733739
3735832 3735832
3737310 3737310
3740846 3740846
3741453 3741453
3745144 3745144
3745560 3745560
3746438 3746438
3752163 3752163
3759819 3759819
3761396 3761396
3762077 3762077
3777014 3777014
3777884 3777884
3778213 3778213
3783324 3783324
3783987 3783987
3790542 3790542
3804634 3804634
3805957 3805957
3812054 3812054
3815855 3815855
3821137 3821137
3822747 3822747
3826452 3826452
3835180 3835180
3835251 3835251
3835698 3835698
3854800 3854800
3854861 3854861
3867294 3867294
3873035 3873035
3873139 3873139
3881825 3881825
3884542 3884542
3886833 3886833
3889852 3889852
3891398 3891398
3915294 3915294
3918355 3918355
3919527 3919527
3920862 3920862
3921132 3921132
3924941 3924941
3932681 3932681
3934060 3934060
3950592 3950592
3959661 3959661
3976151 3976151
3993214 3993214
4003045 4003045
4007224 4007224
4008361 4008361
4008934 4008934
4009210 4009210
4009701 4009701
4010703 4010703
4016545 4016545
4020259 4020259
4021051 4021051
4021100 4021100
4031764 4031764
4043061 4043061
4049078 4049078
4054065 4054065
4054380 4054380
4071686 4071686
4073892 4073892
4088931 4088931
4094550 4094550
4103804 4103804
4109999 4109999
4111885 4111885
4112512 4112512
4119296 4119296
4123137 4123137
4131365 4131365
4131610 4131610
4132358 4132358
4133482 4133482
4133965 4133965
4141424 4141424
4148594 4148594
4156592 4156592
4160805 4160805
4163049 4163049
4163342 4163342
4163816 4163816
4176082 4176082
4181114 4181114
4186295 4186295
4195788 4195788
4199479 4199479
4200960 4200960
4201510 4201510
4201612 4201612
4202025 4202025
4204559 4204559
4206414 4206414
4209866 4209866
4214530 4214530
4215669 4215669
4216760 4216760
4219319 4219319
4220767 4220767
4231235 4231235
4233074 4233074
4250686 4250686
4251282 4251282
4254471 4254471
4257202 4257202
4265943 4265943
4269335 4269335
4289289 4289289
4307142 4307142
4319829 4319829
4330010 4330010
4330384 4330384
4331767 4331767
4349422 4349422
4352182 4352182
4360873 4360873
4362143 4362143
4363292 4363292
4372317 4372317
4376037 4376037
4377693 4377693
4379968 4379968
4383304 4383304
4390949 4390949
4391912 4391912
4394458 4394458
4394773 4394773
4402344 4402344
4402409 4402409
4405187 4405187
4408452 4408452
4410106 4410106
4417406 4417406
4419074 4419074
4425776 4425776
4428920 4428920
4429641 4429641
4434648 4434648
4435824 4435824
4437049 4437049
4450822 4450822
4467736 4467736
4477071 4477071
4495929 4495929
4503361 4503361
4506359 4506359
4519511 4519511
4532220 4532220
4539902 4539902
4545283 4545283
4550614 4550614
4561639 4561639
4565988 4565988
4566661 4566661
4578620 4578620
4591048 4591048
4591364 4591364
4605668 4605668
4608230 4608230
4611299 4611299
4616354 4616354
4616873 4616873
4622044 4622044
4624207 4624207
4628034 4628034
4635636 4635636
4637847 4637847
4637896 4637896
4640644 4640644
4641009 4641009
4644558 4644558
4644740 4644740
4646821 4646821
4650129 4650129
4653022 4653022
4654215 4654215
4654938 4654938
4660371 4660371
4662814 4662814
4666862 4666862
4670215 4670215
4692537 4692537
4694758 4694758
4701385 4701385
4704205 4704205
4715407 4715407
4718664 4718664
4722494 4722494
4723206 4723206
4723292 4723292
4728484 4728484
4745397 4745397
4748049 4748049
4749465 4749465
4749867 4749867
4750408 4750408
4753691 4753691
4754317 4754317
4767347 4767347
4776780 4776780
4783189 4783189
4783301 4783301
4788083 4788083
4800070 4800070
4802427 4802427
4803117 4803117
4803487 4803487
4822764 4822764
4823496 4823496
4828942 4828942
4833921 4833921
4838077 4838077
4851419 4851419
4851602 4851602
4851773 4851773
4856929 4856929
4858520 4858520
4859352 4859352
4864462 4864462
4865876 4865876
4868278 4868278
4872282 4872282
4878142 4878142
4879807 4879807
4883308 4883308
4886132 4886132
4886509 4886509
4904262 4904262
4905563 4905563
4911349 4911349
4911809 4911809
4911953 4911953
4922235 4922235
4924464 4924464
4925420 4925420
4929101 4929101
4936732 4936732
4937665 4937665
4938588 4938588
4962792 4962792
4966886 4966886
4967329 4967329
4981535 4981535
4987401 4987401
4994890 4994890
4996588 4996588
5004159 5004159
5008036 5008036
5010117 5010117
5015529 5015529
5016579 5016579
5019317 5019317
5022857 5022857
5023090 5023090
5026417 5026417
5030291 5030291
5033083 5033083
5035517 5035517
5040737 5040737
5042573 5042573
5043348 5043348
5045663 5045663
5047849 5047849
5049708 5049708
5058736 5058736
5058883 5058883
5066242 5066242
5068415 5068415
5071781 5071781
5078925 5078925
5083744 5083744
5094033 5094033
5118864 5118864
5119130 5119130
5127381 5127381
5135327 5135327
5144309 5144309
5145218 5145218
5162326 5162326
5174845 5174845
5190101 5190101
5194392 5194392
5197712 5197712
5199671 5199671
5199816 5199816
5202018 5202018
5211941 5211941
5226923 5226923
5227730 5227730
5228494 5228494
5230065 5230065
5230779 5230779
5234663 5234663
5239077 5239077
5241089 5241089
5250594 5250594
5250775 5250775
5272951 5272951
5280650 5280650
5286680 5286680
5301601 5301601
5304088 5304088
5312400 5312400
5315991 5315991
5319255 5319255
5319293 5319293
5321233 5321233
5328453 5328453
5332971 5332971
5336293 5336293
5341042 5341042
5341691 5341691
5342587 5342587
5346765 5346765
5352335 5352335
5353610 5353610
5366456 5366456
5369592 5369592
5377273 5377273
5378194 5378194
5380037 5380037
5380938 5380938
5395304 5395304
5404141 5404141
5408927 5408927
5441358 5441358
5446034 5446034
5453478 5453478
5455889 5455889
5459208 5459208
5468171 5468171
5476117 5476117
5478265 5478265
5485288 5485288
5488110 5488110
5489194 5489194
5491281 5491281
5491937 5491937
5498779 5498779
5501514 5501514
5504851 5504851
5509060 5509060
5519203 5519203
5520057 5520057
5520435 5520435
5521190 5521190
5521448 5521448
5521554 5521554
5528003 5528003
5530005 5530005
5533053 5533053
5533461 5533461
5538687 5538687
5539033 5539033
5543799 5543799
5545862 5545862
5546771 5546771
5548378 5548378
5550245 5550245
5558313 5558313
5562851 5562851
5564538 5564538
5569547 5569547
5570812 5570812
5576343 5576343
5592083 5592083
5592529 5592529
5593079 5593079
5594260 5594260
5600989 5600989
5605192 5605192
5606083 5606083
5614566 5614566
5619843 5619843
5622554 5622554
5631318 5631318
5637341 5637341
5645052 5645052
5647936 5647936
5649311 5649311
5653117 5653117
5653526 5653526
5659528 5659528
5663145 5663145
5679133 5679133
5679719 5679719
5679905 5679905
5683462 5683462
5684458 5684458
5684602 5684602
5689151 5689151
5689238 5689238
5691192 5691192
5694528 5694528
5697680 5697680
5699421 5699421
5699678 5699678
5699971 5699971
5700426 5700426
5700458 5700458
5716009 5716009
5717322 5717322
5723316 5723316
5724818 5724818
5729701 5729701
5737634 5737634
5738156 5738156
5739787 5739787
5742414 5742414
5749587 5749587
5754681 5754681
5763917 5763917
5766349 5766349
5766772 5766772
5767558 5767558
5770735 5770735
5771638 5771638
5772475 5772475
5776461 5776461
5777758 5777758
5779232 5779232
5779327 5779327
5780872 5780872
5781789 5781789
5786641 5786641
5786695 5786695
5803466 5803466
5805128 5805128
5813756 5813756
5817368 5817368
5824585 5824585
5847592 5847592
5883181 5883181
5896072 5896072
5899820 5899820
5900532 5900532
5903145 5903145
5908933 5908933
5910771 5910771
5911425 5911425
5911798 5911798
5913049 5913049
5914137 5914137
5920405 5920405
5920588 5920588
5937287 5937287
5942584 5942584
5943833 5943833
5952184 5952184
5964457 5964457
5974199 5974199
5983213 5983213
5993767 5993767
5995478 5995478
5997977 5997977
5999700 5999700
5999878 5999878
6002778 6002778
6008373 6008373
6008970 6008970
6018648 6018648
6023732 6023732
6025266 6025266
